{
"AN": {
"N": "tord assets",
"STI": {
"SI": {
"SN": "fianl result for the 3rd time",
"IN": "",
"ST": "G",
"FF": 0,
"LP": "LP",
"TRP": {
"x": 757.9,
"y": 1080.0
},
"M3D": [
1.0,
0.0,
0.0,
0.0,
0.0,
1.0,
0.0,
0.0,
0.0,
0.0,
1.0,
0.0,
-652.7,
-1678.35,
0.0,
1.0
]
}
},
"SN": "fianl result for the 3rd time",
"TL": {
"L": [
{
"LN": "idle",
"FR": [
{
"I": 0,
"DU": 1,
"E": [
{
"SI": {
"SN": "final result after merging",
"IN": "",
"ST": "G",
"FF": 0,
"LP": "LP",
"TRP": {
"x": 757.9000000000001,
"y": 1080.0
},
"M3D": [
1.0,
0.0,
0.0,
0.0,
0.0,
1.0,
0.0,
0.0,
0.0,
0.0,
1.0,
0.0,
0.0,
0.0,
0.0,
1.0
]
}
}
]
},
{
"I": 1,
"DU": 1,
"E": [
{
"SI": {
"SN": "final result after merging",
"IN": "",
"ST": "G",
"FF": 1,
"LP": "LP",
"TRP": {
"x": 757.9,
"y": 1080.0
},
"M3D": [
1.0,
0.0,
0.0,
0.0,
0.0,
1.0,
0.0,
0.0,
0.0,
0.0,
1.0,
0.0,
0.0,
0.0,
0.0,
1.0
]
}
}
]
},
{
"I": 2,
"DU": 1,
"E": [
{
"SI": {
"SN": "final result after merging",
"IN": "",
"ST": "G",
"FF": 2,
"LP": "LP",
"TRP": {
"x": 757.9,
"y": 1080.0
},
"M3D": [
1.0,
0.0,
0.0,
0.0,
0.0,
1.0,
0.0,
0.0,
0.0,
0.0,
1.0,
0.0,
0.0,
0.0,
0.0,
1.0
]
}
}
]
},
{
"I": 3,
"DU": 1,
"E": [
{
"SI": {
"SN": "final result after merging",
"IN": "",
"ST": "G",
"FF": 3,
"LP": "LP",
"TRP": {
"x": 757.9,
"y": 1080.0
},
"M3D": [
1.0,
0.0,
0.0,
0.0,
0.0,
1.0,
0.0,
0.0,
0.0,
0.0,
1.0,
0.0,
0.0,
0.0,
0.0,
1.0
]
}
}
]
},
{
"I": 4,
"DU": 1,
"E": [
{
"SI": {
"SN": "final result after merging",
"IN": "",
"ST": "G",
"FF": 4,
"LP": "LP",
"TRP": {
"x": 757.9,
"y": 1080.0
},
"M3D": [
1.0,
0.0,
0.0,
0.0,
0.0,
1.0,
0.0,
0.0,
0.0,
0.0,
1.0,
0.0,
0.0,
0.0,
0.0,
1.0
]
}
}
]
},
{
"I": 5,
"DU": 1,
"E": [
{
"SI": {
"SN": "final result after merging",
"IN": "",
"ST": "G",
"FF": 5,
"LP": "LP",
"TRP": {
"x": 757.9,
"y": 1080.0
},
"M3D": [
1.0,
0.0,
0.0,
0.0,
0.0,
1.0,
0.0,
0.0,
0.0,
0.0,
1.0,
0.0,
0.0,
0.0,
0.0,
1.0
]
}
}
]
},
{
"I": 6,
"DU": 1,
"E": [
{
"SI": {
"SN": "final result after merging",
"IN": "",
"ST": "G",
"FF": 6,
"LP": "LP",
"TRP": {
"x": 757.9,
"y": 1080.0
},
"M3D": [
1.0,
0.0,
0.0,
0.0,
0.0,
1.0,
0.0,
0.0,
0.0,
0.0,
1.0,
0.0,
0.0,
0.0,
0.0,
1.0
]
}
}
]
},
{
"I": 7,
"DU": 1,
"E": [
{
"SI": {
"SN": "final result after merging",
"IN": "",
"ST": "G",
"FF": 7,
"LP": "LP",
"TRP": {
"x": 757.9,
"y": 1080.0
},
"M3D": [
1.0,
0.0,
0.0,
0.0,
0.0,
1.0,
0.0,
0.0,
0.0,
0.0,
1.0,
0.0,
0.0,
0.0,
0.0,
1.0
]
}
}
]
},
{
"I": 8,
"DU": 1,
"E": [
{
"SI": {
"SN": "final result after merging",
"IN": "",
"ST": "G",
"FF": 8,
"LP": "LP",
"TRP": {
"x": 757.9,
"y": 1080.0
},
"M3D": [
1.0,
0.0,
0.0,
0.0,
0.0,
1.0,
0.0,
0.0,
0.0,
0.0,
1.0,
0.0,
0.0,
0.0,
0.0,
1.0
]
}
}
]
},
{
"I": 9,
"DU": 1,
"E": [
{
"SI": {
"SN": "final result after merging",
"IN": "",
"ST": "G",
"FF": 9,
"LP": "LP",
"TRP": {
"x": 757.9,
"y": 1080.0
},
"M3D": [
1.0,
0.0,
0.0,
0.0,
0.0,
1.0,
0.0,
0.0,
0.0,
0.0,
1.0,
0.0,
0.0,
0.0,
0.0,
1.0
]
}
}
]
}
]
},
{
"LN": "left",
"FR": [
{
"I": 0,
"DU": 10,
"E": []
},
{
"I": 10,
"DU": 1,
"E": [
{
"SI": {
"SN": "Symbol 21",
"IN": "",
"ST": "MC",
"TRP": {
"x": -137.85,
"y": -396.15000000000006
},
"M3D": [
0.9873504638671875,
-0.158355712890625,
0.0,
0.0,
0.158355712890625,
0.9873504638671875,
0.0,
0.0,
0.0,
0.0,
1.0,
0.0,
1096.25,
990.2,
0.0,
1.0
]
}
},
{
"SI": {
"SN": "Symbol 19",
"IN": "",
"ST": "MC",
"TRP": {
"x": 0.1,
"y": -0.05
},
"M3D": [
1.0,
0.0,
0.0,
0.0,
0.0655517578125,
1.0,
0.0,
0.0,
0.0,
0.0,
1.0,
0.0,
715.55,
1305.8,
0.0,
1.0
]
}
},
{
"SI": {
"SN": "Symbol 18",
"IN": "",
"ST": "G",
"FF": 1,
"LP": "SF",
"TRP": {
"x": 184.10000000000003,
"y": 424.5
},
"M3D": [
0.981170654296875,
0.193084716796875,
0.0,
0.0,
-0.193084716796875,
0.981170654296875,
0.0,
0.0,
0.0,
0.0,
1.0,
0.0,
490.15,
2.45,
0.0,
1.0
]
}
},
{
"SI": {
"SN": "Symbol 20",
"IN": "",
"ST": "MC",
"TRP": {
"x": 76.9,
"y": -459.25
},
"M3D": [
0.982147216796875,
-0.1880035400390625,
0.0,
0.0,
0.1880035400390625,
0.982147216796875,
0.0,
0.0,
0.0,
0.0,
1.0,
0.0,
286.3,
1086.65,
0.0,
1.0
]
}
}
]
},
{
"I": 11,
"DU": 1,
"E": [
{
"SI": {
"SN": "Symbol 21",
"IN": "",
"ST": "MC",
"TRP": {
"x": -137.85,
"y": -396.15
},
"M3D": [
0.9873504638671875,
-0.158355712890625,
0.0,
0.0,
0.158355712890625,
0.9873504638671875,
0.0,
0.0,
0.0,
0.0,
1.0,
0.0,
1096.25,
990.2,
0.0,
1.0
]
}
},
{
"SI": {
"SN": "Symbol 19",
"IN": "",
"ST": "MC",
"TRP": {
"x": 0.1,
"y": -0.05
},
"M3D": [
1.0,
0.0,
0.0,
0.0,
0.0655517578125,
1.0,
0.0,
0.0,
0.0,
0.0,
1.0,
0.0,
715.55,
1305.8,
0.0,
1.0
]
}
},
{
"SI": {
"SN": "Symbol 18",
"IN": "",
"ST": "G",
"FF": 1,
"LP": "SF",
"TRP": {
"x": 184.1,
"y": 424.5
},
"M3D": [
0.981170654296875,
0.193084716796875,
0.0,
0.0,
-0.193084716796875,
0.981170654296875,
0.0,
0.0,
0.0,
0.0,
1.0,
0.0,
490.15,
2.45,
0.0,
1.0
]
}
},
{
"SI": {
"SN": "Symbol 20",
"IN": "",
"ST": "MC",
"TRP": {
"x": 76.9,
"y": -459.25
},
"M3D": [
0.982147216796875,
-0.1880035400390625,
0.0,
0.0,
0.1880035400390625,
0.982147216796875,
0.0,
0.0,
0.0,
0.0,
1.0,
0.0,
286.3,
1086.65,
0.0,
1.0
]
}
}
]
},
{
"I": 12,
"DU": 1,
"E": [
{
"SI": {
"SN": "Symbol 21",
"IN": "",
"ST": "MC",
"TRP": {
"x": -137.9,
"y": -396.15000000000006
},
"M3D": [
0.9905242919921875,
-0.13720703125,
0.0,
0.0,
0.13720703125,
0.9905242919921875,
0.0,
0.0,
0.0,
0.0,
1.0,
0.0,
1100.3,
994.4,
0.0,
1.0
]
}
},
{
"SI": {
"SN": "Symbol 19",
"IN": "",
"ST": "MC",
"TRP": {
"x": 0.1,
"y": -0.05
},
"M3D": [
1.0,
0.0,
0.0,
0.0,
0.0596923828125,
1.0,
0.0,
0.0,
0.0,
0.0,
1.0,
0.0,
720.55,
1305.8,
0.0,
1.0
]
}
},
{
"SI": {
"SN": "Symbol 18",
"IN": "",
"ST": "G",
"FF": 1,
"LP": "SF",
"TRP": {
"x": 184.10000000000003,
"y": 424.5
},
"M3D": [
0.9989013671875,
0.0468597412109375,
0.0,
0.0,
-0.0468597412109375,
0.9989013671875,
0.0,
0.0,
0.0,
0.0,
1.0,
0.0,
436.75,
21.85,
0.0,
1.0
]
}
},
{
"SI": {
"SN": "Symbol 20",
"IN": "",
"ST": "MC",
"TRP": {
"x": 76.95,
"y": -459.15000000000006
},
"M3D": [
0.9873046875,
-0.158721923828125,
0.0,
0.0,
0.158721923828125,
0.9873046875,
0.0,
0.0,
0.0,
0.0,
1.0,
0.0,
284.45,
1086.75,
0.0,
1.0
]
}
}
]
},
{
"I": 13,
"DU": 1,
"E": [
{
"SI": {
"SN": "Symbol 21",
"IN": "",
"ST": "MC",
"TRP": {
"x": -137.9,
"y": -396.15
},
"M3D": [
0.9905242919921875,
-0.13720703125,
0.0,
0.0,
0.13720703125,
0.9905242919921875,
0.0,
0.0,
0.0,
0.0,
1.0,
0.0,
1100.3,
994.4,
0.0,
1.0
]
}
},
{
"SI": {
"SN": "Symbol 19",
"IN": "",
"ST": "MC",
"TRP": {
"x": 0.1,
"y": -0.05
},
"M3D": [
1.0,
0.0,
0.0,
0.0,
0.0596923828125,
1.0,
0.0,
0.0,
0.0,
0.0,
1.0,
0.0,
720.55,
1305.8,
0.0,
1.0
]
}
},
{
"SI": {
"SN": "Symbol 18",
"IN": "",
"ST": "G",
"FF": 1,
"LP": "SF",
"TRP": {
"x": 184.1,
"y": 424.5
},
"M3D": [
0.9989013671875,
0.0468597412109375,
0.0,
0.0,
-0.0468597412109375,
0.9989013671875,
0.0,
0.0,
0.0,
0.0,
1.0,
0.0,
436.75,
21.85,
0.0,
1.0
]
}
},
{
"SI": {
"SN": "Symbol 20",
"IN": "",
"ST": "MC",
"TRP": {
"x": 76.95,
"y": -459.15
},
"M3D": [
0.9873046875,
-0.158721923828125,
0.0,
0.0,
0.158721923828125,
0.9873046875,
0.0,
0.0,
0.0,
0.0,
1.0,
0.0,
284.45,
1086.75,
0.0,
1.0
]
}
}
]
},
{
"I": 14,
"DU": 1,
"E": [
{
"SI": {
"SN": "Symbol 21",
"IN": "",
"ST": "MC",
"TRP": {
"x": -137.9,
"y": -396.15000000000006
},
"M3D": [
0.9905242919921875,
-0.13720703125,
0.0,
0.0,
0.13720703125,
0.9905242919921875,
0.0,
0.0,
0.0,
0.0,
1.0,
0.0,
1100.3,
994.4,
0.0,
1.0
]
}
},
{
"SI": {
"SN": "Symbol 19",
"IN": "",
"ST": "MC",
"TRP": {
"x": 0.1,
"y": -0.05
},
"M3D": [
1.0,
0.0,
0.0,
0.0,
0.0596923828125,
1.0,
0.0,
0.0,
0.0,
0.0,
1.0,
0.0,
720.55,
1305.8,
0.0,
1.0
]
}
},
{
"SI": {
"SN": "Symbol 18",
"IN": "",
"ST": "G",
"FF": 1,
"LP": "SF",
"TRP": {
"x": 184.05,
"y": 424.45
},
"M3D": [
0.9999847412109375,
-0.00494384765625,
0.0,
0.0,
0.00494384765625,
0.9999847412109375,
0.0,
0.0,
0.0,
0.0,
1.0,
0.0,
414.55,
30.95,
0.0,
1.0
]
}
},
{
"SI": {
"SN": "Symbol 20",
"IN": "",
"ST": "MC",
"TRP": {
"x": 76.95,
"y": -459.15000000000006
},
"M3D": [
0.9873046875,
-0.158721923828125,
0.0,
0.0,
0.158721923828125,
0.9873046875,
0.0,
0.0,
0.0,
0.0,
1.0,
0.0,
284.45,
1086.75,
0.0,
1.0
]
}
}
]
},
{
"I": 15,
"DU": 1,
"E": [
{
"SI": {
"SN": "Symbol 21",
"IN": "",
"ST": "MC",
"TRP": {
"x": -137.9,
"y": -396.15
},
"M3D": [
0.9905242919921875,
-0.13720703125,
0.0,
0.0,
0.13720703125,
0.9905242919921875,
0.0,
0.0,
0.0,
0.0,
1.0,
0.0,
1100.3,
994.4,
0.0,
1.0
]
}
},
{
"SI": {
"SN": "Symbol 19",
"IN": "",
"ST": "MC",
"TRP": {
"x": 0.1,
"y": -0.05
},
"M3D": [
1.0,
0.0,
0.0,
0.0,
0.0596923828125,
1.0,
0.0,
0.0,
0.0,
0.0,
1.0,
0.0,
720.55,
1305.8,
0.0,
1.0
]
}
},
{
"SI": {
"SN": "Symbol 18",
"IN": "",
"ST": "G",
"FF": 1,
"LP": "SF",
"TRP": {
"x": 184.05,
"y": 424.45
},
"M3D": [
0.9999847412109375,
-0.00494384765625,
0.0,
0.0,
0.00494384765625,
0.9999847412109375,
0.0,
0.0,
0.0,
0.0,
1.0,
0.0,
414.55,
30.95,
0.0,
1.0
]
}
},
{
"SI": {
"SN": "Symbol 20",
"IN": "",
"ST": "MC",
"TRP": {
"x": 76.95,
"y": -459.15
},
"M3D": [
0.9873046875,
-0.158721923828125,
0.0,
0.0,
0.158721923828125,
0.9873046875,
0.0,
0.0,
0.0,
0.0,
1.0,
0.0,
284.45,
1086.75,
0.0,
1.0
]
}
}
]
},
{
"I": 16,
"DU": 1,
"E": [
{
"SI": {
"SN": "Symbol 21",
"IN": "",
"ST": "MC",
"TRP": {
"x": -137.9,
"y": -396.15
},
"M3D": [
0.9905242919921875,
-0.13720703125,
0.0,
0.0,
0.13720703125,
0.9905242919921875,
0.0,
0.0,
0.0,
0.0,
1.0,
0.0,
1100.3,
994.4,
0.0,
1.0
]
}
},
{
"SI": {
"SN": "Symbol 19",
"IN": "",
"ST": "MC",
"TRP": {
"x": 0.1,
"y": -0.05
},
"M3D": [
1.0,
0.0,
0.0,
0.0,
0.0596923828125,
1.0,
0.0,
0.0,
0.0,
0.0,
1.0,
0.0,
720.55,
1305.8,
0.0,
1.0
]
}
},
{
"SI": {
"SN": "Symbol 18",
"IN": "",
"ST": "G",
"FF": 1,
"LP": "SF",
"TRP": {
"x": 184.05,
"y": 424.45
},
"M3D": [
0.9999847412109375,
-0.00494384765625,
0.0,
0.0,
0.00494384765625,
0.9999847412109375,
0.0,
0.0,
0.0,
0.0,
1.0,
0.0,
414.55,
30.95,
0.0,
1.0
]
}
},
{
"SI": {
"SN": "Symbol 20",
"IN": "",
"ST": "MC",
"TRP": {
"x": 76.95,
"y": -459.15
},
"M3D": [
0.9873046875,
-0.158721923828125,
0.0,
0.0,
0.158721923828125,
0.9873046875,
0.0,
0.0,
0.0,
0.0,
1.0,
0.0,
284.45,
1086.75,
0.0,
1.0
]
}
}
]
},
{
"I": 17,
"DU": 1,
"E": [
{
"SI": {
"SN": "Symbol 21",
"IN": "",
"ST": "MC",
"TRP": {
"x": -137.9,
"y": -396.15
},
"M3D": [
0.9905242919921875,
-0.13720703125,
0.0,
0.0,
0.13720703125,
0.9905242919921875,
0.0,
0.0,
0.0,
0.0,
1.0,
0.0,
1100.3,
994.4,
0.0,
1.0
]
}
},
{
"SI": {
"SN": "Symbol 19",
"IN": "",
"ST": "MC",
"TRP": {
"x": 0.1,
"y": -0.05
},
"M3D": [
1.0,
0.0,
0.0,
0.0,
0.0596923828125,
1.0,
0.0,
0.0,
0.0,
0.0,
1.0,
0.0,
720.55,
1305.8,
0.0,
1.0
]
}
},
{
"SI": {
"SN": "Symbol 18",
"IN": "",
"ST": "G",
"FF": 1,
"LP": "SF",
"TRP": {
"x": 184.05,
"y": 424.45
},
"M3D": [
0.9999847412109375,
-0.00494384765625,
0.0,
0.0,
0.00494384765625,
0.9999847412109375,
0.0,
0.0,
0.0,
0.0,
1.0,
0.0,
414.55,
30.95,
0.0,
1.0
]
}
},
{
"SI": {
"SN": "Symbol 20",
"IN": "",
"ST": "MC",
"TRP": {
"x": 76.95,
"y": -459.15
},
"M3D": [
0.9873046875,
-0.158721923828125,
0.0,
0.0,
0.158721923828125,
0.9873046875,
0.0,
0.0,
0.0,
0.0,
1.0,
0.0,
284.45,
1086.75,
0.0,
1.0
]
}
}
]
},
{
"I": 18,
"DU": 1,
"E": [
{
"SI": {
"SN": "Symbol 21",
"IN": "",
"ST": "MC",
"TRP": {
"x": -137.9,
"y": -396.15
},
"M3D": [
0.9905242919921875,
-0.13720703125,
0.0,
0.0,
0.13720703125,
0.9905242919921875,
0.0,
0.0,
0.0,
0.0,
1.0,
0.0,
1100.3,
994.4,
0.0,
1.0
]
}
},
{
"SI": {
"SN": "Symbol 19",
"IN": "",
"ST": "MC",
"TRP": {
"x": 0.1,
"y": -0.05
},
"M3D": [
1.0,
0.0,
0.0,
0.0,
0.0596923828125,
1.0,
0.0,
0.0,
0.0,
0.0,
1.0,
0.0,
720.55,
1305.8,
0.0,
1.0
]
}
},
{
"SI": {
"SN": "Symbol 18",
"IN": "",
"ST": "G",
"FF": 1,
"LP": "SF",
"TRP": {
"x": 184.05,
"y": 424.45
},
"M3D": [
0.9999847412109375,
-0.00494384765625,
0.0,
0.0,
0.00494384765625,
0.9999847412109375,
0.0,
0.0,
0.0,
0.0,
1.0,
0.0,
414.55,
30.95,
0.0,
1.0
]
}
},
{
"SI": {
"SN": "Symbol 20",
"IN": "",
"ST": "MC",
"TRP": {
"x": 76.95,
"y": -459.15
},
"M3D": [
0.9873046875,
-0.158721923828125,
0.0,
0.0,
0.158721923828125,
0.9873046875,
0.0,
0.0,
0.0,
0.0,
1.0,
0.0,
284.45,
1086.75,
0.0,
1.0
]
}
}
]
},
{
"I": 19,
"DU": 1,
"E": [
{
"SI": {
"SN": "Symbol 21",
"IN": "",
"ST": "MC",
"TRP": {
"x": -137.9,
"y": -396.15
},
"M3D": [
0.9905242919921875,
-0.13720703125,
0.0,
0.0,
0.13720703125,
0.9905242919921875,
0.0,
0.0,
0.0,
0.0,
1.0,
0.0,
1100.3,
994.4,
0.0,
1.0
]
}
},
{
"SI": {
"SN": "Symbol 19",
"IN": "",
"ST": "MC",
"TRP": {
"x": 0.1,
"y": -0.05
},
"M3D": [
1.0,
0.0,
0.0,
0.0,
0.0596923828125,
1.0,
0.0,
0.0,
0.0,
0.0,
1.0,
0.0,
720.55,
1305.8,
0.0,
1.0
]
}
},
{
"SI": {
"SN": "Symbol 18",
"IN": "",
"ST": "G",
"FF": 1,
"LP": "SF",
"TRP": {
"x": 184.05,
"y": 424.45
},
"M3D": [
0.9999847412109375,
-0.00494384765625,
0.0,
0.0,
0.00494384765625,
0.9999847412109375,
0.0,
0.0,
0.0,
0.0,
1.0,
0.0,
414.55,
30.95,
0.0,
1.0
]
}
},
{
"SI": {
"SN": "Symbol 20",
"IN": "",
"ST": "MC",
"TRP": {
"x": 76.95,
"y": -459.15
},
"M3D": [
0.9873046875,
-0.158721923828125,
0.0,
0.0,
0.158721923828125,
0.9873046875,
0.0,
0.0,
0.0,
0.0,
1.0,
0.0,
284.45,
1086.75,
0.0,
1.0
]
}
}
]
}
]
},
{
"LN": "right",
"FR": [
{
"I": 0,
"DU": 20,
"E": []
},
{
"I": 20,
"DU": 1,
"E": [
{
"SI": {
"SN": "Symbol 21",
"IN": "",
"ST": "MC",
"TRP": {
"x": -137.95000000000003,
"y": -396.20000000000007
},
"M3D": [
0.97650146484375,
0.2154998779296875,
0.0,
0.0,
-0.2154998779296875,
0.97650146484375,
0.0,
0.0,
0.0,
0.0,
1.0,
0.0,
1132.7,
1057.5,
0.0,
1.0
]
}
},
{
"SI": {
"SN": "Symbol 19",
"IN": "",
"ST": "MC",
"TRP": {
"x": 0.1,
"y": -0.05
},
"M3D": [
1.0237884521484376,
0.0,
0.0,
0.0,
-0.0643768310546875,
0.9894561767578125,
0.0,
0.0,
0.0,
0.0,
1.0,
0.0,
826.4,
1314.85,
0.0,
1.0
]
}
},
{
"SI": {
"SN": "Symbol 18",
"IN": "",
"ST": "G",
"FF": 2,
"LP": "SF",
"TRP": {
"x": 184.05,
"y": 424.45
},
"M3D": [
0.98046875,
-0.19659423828125,
0.0,
0.0,
0.19659423828125,
0.98046875,
0.0,
0.0,
0.0,
0.0,
1.0,
0.0,
604.75,
114.45,
0.0,
1.0
]
}
},
{
"SI": {
"SN": "Symbol 20",
"IN": "",
"ST": "MC",
"TRP": {
"x": 77.0,
"y": -459.25
},
"M3D": [
0.9899139404296875,
0.1415863037109375,
0.0,
0.0,
-0.1415863037109375,
0.9899139404296875,
0.0,
0.0,
0.0,
0.0,
1.0,
0.0,
320.4,
1084.9,
0.0,
1.0
]
}
}
]
},
{
"I": 21,
"DU": 1,
"E": [
{
"SI": {
"SN": "Symbol 21",
"IN": "",
"ST": "MC",
"TRP": {
"x": -137.95,
"y": -396.2
},
"M3D": [
0.97650146484375,
0.2154998779296875,
0.0,
0.0,
-0.2154998779296875,
0.97650146484375,
0.0,
0.0,
0.0,
0.0,
1.0,
0.0,
1132.7,
1057.5,
0.0,
1.0
]
}
},
{
"SI": {
"SN": "Symbol 19",
"IN": "",
"ST": "MC",
"TRP": {
"x": 0.1,
"y": -0.05
},
"M3D": [
1.0237884521484376,
0.0,
0.0,
0.0,
-0.0643768310546875,
0.9894561767578125,
0.0,
0.0,
0.0,
0.0,
1.0,
0.0,
826.4,
1314.85,
0.0,
1.0
]
}
},
{
"SI": {
"SN": "Symbol 18",
"IN": "",
"ST": "G",
"FF": 2,
"LP": "SF",
"TRP": {
"x": 184.05,
"y": 424.45
},
"M3D": [
0.98046875,
-0.19659423828125,
0.0,
0.0,
0.19659423828125,
0.98046875,
0.0,
0.0,
0.0,
0.0,
1.0,
0.0,
604.75,
114.45,
0.0,
1.0
]
}
},
{
"SI": {
"SN": "Symbol 20",
"IN": "",
"ST": "MC",
"TRP": {
"x": 77.0,
"y": -459.25
},
"M3D": [
0.9899139404296875,
0.1415863037109375,
0.0,
0.0,
-0.1415863037109375,
0.9899139404296875,
0.0,
0.0,
0.0,
0.0,
1.0,
0.0,
320.4,
1084.9,
0.0,
1.0
]
}
}
]
},
{
"I": 22,
"DU": 1,
"E": [
{
"SI": {
"SN": "Symbol 21",
"IN": "",
"ST": "MC",
"TRP": {
"x": -137.95000000000003,
"y": -396.1
},
"M3D": [
0.9975738525390625,
0.069610595703125,
0.0,
0.0,
-0.069610595703125,
0.9975738525390625,
0.0,
0.0,
0.0,
0.0,
1.0,
0.0,
1176.15,
1028.4,
0.0,
1.0
]
}
},
{
"SI": {
"SN": "Symbol 19",
"IN": "",
"ST": "MC",
"TRP": {
"x": 0.15,
"y": -0.05
},
"M3D": [
1.003173828125,
0.0,
0.0,
0.0,
-0.0441436767578125,
0.99859619140625,
0.0,
0.0,
0.0,
0.0,
1.0,
0.0,
809.1,
1306.95,
0.0,
1.0
]
}
},
{
"SI": {
"SN": "Symbol 18",
"IN": "",
"ST": "G",
"FF": 2,
"LP": "SF",
"TRP": {
"x": 184.10000000000003,
"y": 424.45
},
"M3D": [
0.993255615234375,
0.115631103515625,
0.0,
0.0,
-0.115631103515625,
0.993255615234375,
0.0,
0.0,
0.0,
0.0,
1.0,
0.0,
700.3,
34.2,
0.0,
1.0
]
}
},
{
"SI": {
"SN": "Symbol 20",
"IN": "",
"ST": "MC",
"TRP": {
"x": 77.05,
"y": -459.1
},
"M3D": [
0.997314453125,
0.0732269287109375,
0.0,
0.0,
-0.0732269287109375,
0.997314453125,
0.0,
0.0,
0.0,
0.0,
1.0,
0.0,
333.9,
1076.2,
0.0,
1.0
]
}
}
]
},
{
"I": 23,
"DU": 1,
"E": [
{
"SI": {
"SN": "Symbol 21",
"IN": "",
"ST": "MC",
"TRP": {
"x": -137.95,
"y": -396.1
},
"M3D": [
0.9975738525390625,
0.069610595703125,
0.0,
0.0,
-0.069610595703125,
0.9975738525390625,
0.0,
0.0,
0.0,
0.0,
1.0,
0.0,
1176.15,
1028.4,
0.0,
1.0
]
}
},
{
"SI": {
"SN": "Symbol 19",
"IN": "",
"ST": "MC",
"TRP": {
"x": 0.15,
"y": -0.05
},
"M3D": [
1.003173828125,
0.0,
0.0,
0.0,
-0.0441436767578125,
0.99859619140625,
0.0,
0.0,
0.0,
0.0,
1.0,
0.0,
809.1,
1306.95,
0.0,
1.0
]
}
},
{
"SI": {
"SN": "Symbol 18",
"IN": "",
"ST": "G",
"FF": 2,
"LP": "SF",
"TRP": {
"x": 184.1,
"y": 424.45
},
"M3D": [
0.993255615234375,
0.115631103515625,
0.0,
0.0,
-0.115631103515625,
0.993255615234375,
0.0,
0.0,
0.0,
0.0,
1.0,
0.0,
700.3,
34.2,
0.0,
1.0
]
}
},
{
"SI": {
"SN": "Symbol 20",
"IN": "",
"ST": "MC",
"TRP": {
"x": 77.05,
"y": -459.05
},
"M3D": [
0.997314453125,
0.0732269287109375,
0.0,
0.0,
-0.0732269287109375,
0.997314453125,
0.0,
0.0,
0.0,
0.0,
1.0,
0.0,
333.9,
1076.2,
0.0,
1.0
]
}
}
]
},
{
"I": 24,
"DU": 1,
"E": [
{
"SI": {
"SN": "Symbol 21",
"IN": "",
"ST": "MC",
"TRP": {
"x": -137.95000000000003,
"y": -396.1
},
"M3D": [
0.9975738525390625,
0.069610595703125,
0.0,
0.0,
-0.069610595703125,
0.9975738525390625,
0.0,
0.0,
0.0,
0.0,
1.0,
0.0,
1173.4,
1025.7,
0.0,
1.0
]
}
},
{
"SI": {
"SN": "Symbol 19",
"IN": "",
"ST": "MC",
"TRP": {
"x": 0.05,
"y": -0.05
},
"M3D": [
1.0,
0.0,
0.0,
0.0,
-0.0409698486328125,
1.0,
0.0,
0.0,
0.0,
0.0,
1.0,
0.0,
806.45,
1305.8,
0.0,
1.0
]
}
},
{
"SI": {
"SN": "Symbol 18",
"IN": "",
"ST": "G",
"FF": 2,
"LP": "SF",
"TRP": {
"x": 184.05,
"y": 424.45
},
"M3D": [
0.9864959716796875,
0.16375732421875,
0.0,
0.0,
-0.16375732421875,
0.9864959716796875,
0.0,
0.0,
0.0,
0.0,
1.0,
0.0,
716.65,
25.55,
0.0,
1.0
]
}
},
{
"SI": {
"SN": "Symbol 20",
"IN": "",
"ST": "MC",
"TRP": {
"x": 77.05,
"y": -459.1
},
"M3D": [
0.997314453125,
0.0732269287109375,
0.0,
0.0,
-0.0732269287109375,
0.997314453125,
0.0,
0.0,
0.0,
0.0,
1.0,
0.0,
331.2,
1073.55,
0.0,
1.0
]
}
}
]
},
{
"I": 25,
"DU": 1,
"E": [
{
"SI": {
"SN": "Symbol 21",
"IN": "",
"ST": "MC",
"TRP": {
"x": -137.95,
"y": -396.1
},
"M3D": [
0.9975738525390625,
0.069610595703125,
0.0,
0.0,
-0.069610595703125,
0.9975738525390625,
0.0,
0.0,
0.0,
0.0,
1.0,
0.0,
1173.4,
1025.7,
0.0,
1.0
]
}
},
{
"SI": {
"SN": "Symbol 19",
"IN": "",
"ST": "MC",
"TRP": {
"x": 0.05,
"y": -0.05
},
"M3D": [
1.0,
0.0,
0.0,
0.0,
-0.0409698486328125,
1.0,
0.0,
0.0,
0.0,
0.0,
1.0,
0.0,
806.45,
1305.8,
0.0,
1.0
]
}
},
{
"SI": {
"SN": "Symbol 18",
"IN": "",
"ST": "G",
"FF": 2,
"LP": "SF",
"TRP": {
"x": 184.05,
"y": 424.45
},
"M3D": [
0.9864959716796875,
0.16375732421875,
0.0,
0.0,
-0.16375732421875,
0.9864959716796875,
0.0,
0.0,
0.0,
0.0,
1.0,
0.0,
716.65,
25.55,
0.0,
1.0
]
}
},
{
"SI": {
"SN": "Symbol 20",
"IN": "",
"ST": "MC",
"TRP": {
"x": 77.05,
"y": -459.05
},
"M3D": [
0.997314453125,
0.0732269287109375,
0.0,
0.0,
-0.0732269287109375,
0.997314453125,
0.0,
0.0,
0.0,
0.0,
1.0,
0.0,
331.2,
1073.55,
0.0,
1.0
]
}
}
]
},
{
"I": 26,
"DU": 1,
"E": [
{
"SI": {
"SN": "Symbol 21",
"IN": "",
"ST": "MC",
"TRP": {
"x": -137.95,
"y": -396.1
},
"M3D": [
0.9975738525390625,
0.069610595703125,
0.0,
0.0,
-0.069610595703125,
0.9975738525390625,
0.0,
0.0,
0.0,
0.0,
1.0,
0.0,
1173.4,
1025.7,
0.0,
1.0
]
}
},
{
"SI": {
"SN": "Symbol 19",
"IN": "",
"ST": "MC",
"TRP": {
"x": 0.05,
"y": -0.05
},
"M3D": [
1.0,
0.0,
0.0,
0.0,
-0.0409698486328125,
1.0,
0.0,
0.0,
0.0,
0.0,
1.0,
0.0,
806.45,
1305.8,
0.0,
1.0
]
}
},
{
"SI": {
"SN": "Symbol 18",
"IN": "",
"ST": "G",
"FF": 2,
"LP": "SF",
"TRP": {
"x": 184.05,
"y": 424.45
},
"M3D": [
0.9864959716796875,
0.16375732421875,
0.0,
0.0,
-0.16375732421875,
0.9864959716796875,
0.0,
0.0,
0.0,
0.0,
1.0,
0.0,
716.65,
25.55,
0.0,
1.0
]
}
},
{
"SI": {
"SN": "Symbol 20",
"IN": "",
"ST": "MC",
"TRP": {
"x": 77.05,
"y": -459.05
},
"M3D": [
0.997314453125,
0.0732269287109375,
0.0,
0.0,
-0.0732269287109375,
0.997314453125,
0.0,
0.0,
0.0,
0.0,
1.0,
0.0,
331.2,
1073.55,
0.0,
1.0
]
}
}
]
},
{
"I": 27,
"DU": 1,
"E": [
{
"SI": {
"SN": "Symbol 21",
"IN": "",
"ST": "MC",
"TRP": {
"x": -137.95,
"y": -396.1
},
"M3D": [
0.9975738525390625,
0.069610595703125,
0.0,
0.0,
-0.069610595703125,
0.9975738525390625,
0.0,
0.0,
0.0,
0.0,
1.0,
0.0,
1173.4,
1025.7,
0.0,
1.0
]
}
},
{
"SI": {
"SN": "Symbol 19",
"IN": "",
"ST": "MC",
"TRP": {
"x": 0.05,
"y": -0.05
},
"M3D": [
1.0,
0.0,
0.0,
0.0,
-0.0409698486328125,
1.0,
0.0,
0.0,
0.0,
0.0,
1.0,
0.0,
806.45,
1305.8,
0.0,
1.0
]
}
},
{
"SI": {
"SN": "Symbol 18",
"IN": "",
"ST": "G",
"FF": 2,
"LP": "SF",
"TRP": {
"x": 184.05,
"y": 424.45
},
"M3D": [
0.9864959716796875,
0.16375732421875,
0.0,
0.0,
-0.16375732421875,
0.9864959716796875,
0.0,
0.0,
0.0,
0.0,
1.0,
0.0,
716.65,
25.55,
0.0,
1.0
]
}
},
{
"SI": {
"SN": "Symbol 20",
"IN": "",
"ST": "MC",
"TRP": {
"x": 77.05,
"y": -459.05
},
"M3D": [
0.997314453125,
0.0732269287109375,
0.0,
0.0,
-0.0732269287109375,
0.997314453125,
0.0,
0.0,
0.0,
0.0,
1.0,
0.0,
331.2,
1073.55,
0.0,
1.0
]
}
}
]
},
{
"I": 28,
"DU": 1,
"E": [
{
"SI": {
"SN": "Symbol 21",
"IN": "",
"ST": "MC",
"TRP": {
"x": -137.95,
"y": -396.1
},
"M3D": [
0.9975738525390625,
0.069610595703125,
0.0,
0.0,
-0.069610595703125,
0.9975738525390625,
0.0,
0.0,
0.0,
0.0,
1.0,
0.0,
1173.4,
1025.7,
0.0,
1.0
]
}
},
{
"SI": {
"SN": "Symbol 19",
"IN": "",
"ST": "MC",
"TRP": {
"x": 0.05,
"y": -0.05
},
"M3D": [
1.0,
0.0,
0.0,
0.0,
-0.0409698486328125,
1.0,
0.0,
0.0,
0.0,
0.0,
1.0,
0.0,
806.45,
1305.8,
0.0,
1.0
]
}
},
{
"SI": {
"SN": "Symbol 18",
"IN": "",
"ST": "G",
"FF": 2,
"LP": "SF",
"TRP": {
"x": 184.05,
"y": 424.45
},
"M3D": [
0.9864959716796875,
0.16375732421875,
0.0,
0.0,
-0.16375732421875,
0.9864959716796875,
0.0,
0.0,
0.0,
0.0,
1.0,
0.0,
716.65,
25.55,
0.0,
1.0
]
}
},
{
"SI": {
"SN": "Symbol 20",
"IN": "",
"ST": "MC",
"TRP": {
"x": 77.05,
"y": -459.05
},
"M3D": [
0.997314453125,
0.0732269287109375,
0.0,
0.0,
-0.0732269287109375,
0.997314453125,
0.0,
0.0,
0.0,
0.0,
1.0,
0.0,
331.2,
1073.55,
0.0,
1.0
]
}
}
]
},
{
"I": 29,
"DU": 1,
"E": [
{
"SI": {
"SN": "Symbol 21",
"IN": "",
"ST": "MC",
"TRP": {
"x": -137.95,
"y": -396.1
},
"M3D": [
0.9975738525390625,
0.069610595703125,
0.0,
0.0,
-0.069610595703125,
0.9975738525390625,
0.0,
0.0,
0.0,
0.0,
1.0,
0.0,
1173.4,
1025.7,
0.0,
1.0
]
}
},
{
"SI": {
"SN": "Symbol 19",
"IN": "",
"ST": "MC",
"TRP": {
"x": 0.05,
"y": -0.05
},
"M3D": [
1.0,
0.0,
0.0,
0.0,
-0.0409698486328125,
1.0,
0.0,
0.0,
0.0,
0.0,
1.0,
0.0,
806.45,
1305.8,
0.0,
1.0
]
}
},
{
"SI": {
"SN": "Symbol 18",
"IN": "",
"ST": "G",
"FF": 2,
"LP": "SF",
"TRP": {
"x": 184.05,
"y": 424.45
},
"M3D": [
0.9864959716796875,
0.16375732421875,
0.0,
0.0,
-0.16375732421875,
0.9864959716796875,
0.0,
0.0,
0.0,
0.0,
1.0,
0.0,
716.65,
25.55,
0.0,
1.0
]
}
},
{
"SI": {
"SN": "Symbol 20",
"IN": "",
"ST": "MC",
"TRP": {
"x": 77.05,
"y": -459.05
},
"M3D": [
0.997314453125,
0.0732269287109375,
0.0,
0.0,
-0.0732269287109375,
0.997314453125,
0.0,
0.0,
0.0,
0.0,
1.0,
0.0,
331.2,
1073.55,
0.0,
1.0
]
}
}
]
}
]
},
{
"LN": "up",
"FR": [
{
"I": 0,
"DU": 30,
"E": []
},
{
"I": 30,
"DU": 1,
"E": [
{
"SI": {
"SN": "Symbol 21",
"IN": "",
"ST": "MC",
"TRP": {
"x": -138.0,
"y": -396.15000000000006
},
"M3D": [
0.9994049072265625,
0.03448486328125,
0.0,
0.0,
-0.03448486328125,
0.9994049072265625,
0.0,
0.0,
0.0,
0.0,
1.0,
0.0,
1107.6,
1013.65,
0.0,
1.0
]
}
},
{
"SI": {
"SN": "Symbol 19",
"IN": "",
"ST": "MC",
"TRP": {
"x": 0.0,
"y": -0.05
},
"M3D": [
1.0,
0.0,
0.0,
0.0,
0.0,
1.0,
0.0,
0.0,
0.0,
0.0,
1.0,
0.0,
771.5,
1297.8,
0.0,
1.0
]
}
},
{
"SI": {
"SN": "Symbol 18",
"IN": "",
"ST": "G",
"FF": 3,
"LP": "SF",
"TRP": {
"x": 184.15,
"y": 424.5
},
"M3D": [
1.0,
0.0,
0.0,
0.0,
0.0,
1.0,
0.0,
0.0,
0.0,
0.0,
1.0,
0.0,
524.6,
0.0,
0.0,
1.0
]
}
},
{
"SI": {
"SN": "Symbol 20",
"IN": "",
"ST": "MC",
"TRP": {
"x": 77.10000000000001,
"y": -459.20000000000007
},
"M3D": [
0.9996795654296875,
-0.025299072265625,
0.0,
0.0,
0.025299072265625,
0.9996795654296875,
0.0,
0.0,
0.0,
0.0,
1.0,
0.0,
296.25,
1074.2,
0.0,
1.0
]
}
}
]
},
{
"I": 31,
"DU": 1,
"E": [
{
"SI": {
"SN": "Symbol 21",
"IN": "",
"ST": "MC",
"TRP": {
"x": -138.0,
"y": -396.15
},
"M3D": [
0.9994049072265625,
0.03448486328125,
0.0,
0.0,
-0.03448486328125,
0.9994049072265625,
0.0,
0.0,
0.0,
0.0,
1.0,
0.0,
1107.6,
1013.65,
0.0,
1.0
]
}
},
{
"SI": {
"SN": "Symbol 19",
"IN": "",
"ST": "MC",
"TRP": {
"x": 0.0,
"y": -0.05
},
"M3D": [
1.0,
0.0,
0.0,
0.0,
0.0,
1.0,
0.0,
0.0,
0.0,
0.0,
1.0,
0.0,
771.5,
1297.8,
0.0,
1.0
]
}
},
{
"SI": {
"SN": "Symbol 18",
"IN": "",
"ST": "G",
"FF": 3,
"LP": "SF",
"TRP": {
"x": 184.15,
"y": 424.5
},
"M3D": [
1.0,
0.0,
0.0,
0.0,
0.0,
1.0,
0.0,
0.0,
0.0,
0.0,
1.0,
0.0,
524.6,
0.0,
0.0,
1.0
]
}
},
{
"SI": {
"SN": "Symbol 20",
"IN": "",
"ST": "MC",
"TRP": {
"x": 77.1,
"y": -459.2
},
"M3D": [
0.9996795654296875,
-0.025299072265625,
0.0,
0.0,
0.025299072265625,
0.9996795654296875,
0.0,
0.0,
0.0,
0.0,
1.0,
0.0,
296.25,
1074.2,
0.0,
1.0
]
}
}
]
},
{
"I": 32,
"DU": 1,
"E": [
{
"SI": {
"SN": "Symbol 21",
"IN": "",
"ST": "MC",
"TRP": {
"x": -138.0,
"y": -396.20000000000007
},
"M3D": [
0.999969482421875,
0.004608154296875,
0.0,
0.0,
-0.004608154296875,
0.999969482421875,
0.0,
0.0,
0.0,
0.0,
1.0,
0.0,
1119.5,
1016.7,
0.0,
1.0
]
}
},
{
"SI": {
"SN": "Symbol 19",
"IN": "",
"ST": "MC",
"TRP": {
"x": 0.0,
"y": -0.05
},
"M3D": [
1.0,
0.0,
0.0,
0.0,
0.0,
1.0,
0.0,
0.0,
0.0,
0.0,
1.0,
0.0,
771.5,
1304.75,
0.0,
1.0
]
}
},
{
"SI": {
"SN": "Symbol 18",
"IN": "",
"ST": "G",
"FF": 3,
"LP": "SF",
"TRP": {
"x": 184.15,
"y": 424.5
},
"M3D": [
1.0,
0.0,
0.0,
0.0,
0.0,
1.0,
0.0,
0.0,
0.0,
0.0,
1.0,
0.0,
524.6,
26.0,
0.0,
1.0
]
}
},
{
"SI": {
"SN": "Symbol 20",
"IN": "",
"ST": "MC",
"TRP": {
"x": 77.10000000000001,
"y": -459.20000000000007
},
"M3D": [
0.999969482421875,
-0.003387451171875,
0.0,
0.0,
0.003387451171875,
0.999969482421875,
0.0,
0.0,
0.0,
0.0,
1.0,
0.0,
286.15,
1079.55,
0.0,
1.0
]
}
}
]
},
{
"I": 33,
"DU": 1,
"E": [
{
"SI": {
"SN": "Symbol 21",
"IN": "",
"ST": "MC",
"TRP": {
"x": -138.0,
"y": -396.2
},
"M3D": [
0.999969482421875,
0.004608154296875,
0.0,
0.0,
-0.004608154296875,
0.999969482421875,
0.0,
0.0,
0.0,
0.0,
1.0,
0.0,
1119.5,
1016.7,
0.0,
1.0
]
}
},
{
"SI": {
"SN": "Symbol 19",
"IN": "",
"ST": "MC",
"TRP": {
"x": 0.0,
"y": -0.05
},
"M3D": [
1.0,
0.0,
0.0,
0.0,
0.0,
1.0,
0.0,
0.0,
0.0,
0.0,
1.0,
0.0,
771.5,
1304.75,
0.0,
1.0
]
}
},
{
"SI": {
"SN": "Symbol 18",
"IN": "",
"ST": "G",
"FF": 3,
"LP": "SF",
"TRP": {
"x": 184.15,
"y": 424.5
},
"M3D": [
1.0,
0.0,
0.0,
0.0,
0.0,
1.0,
0.0,
0.0,
0.0,
0.0,
1.0,
0.0,
524.6,
26.0,
0.0,
1.0
]
}
},
{
"SI": {
"SN": "Symbol 20",
"IN": "",
"ST": "MC",
"TRP": {
"x": 77.1,
"y": -459.2
},
"M3D": [
0.999969482421875,
-0.003387451171875,
0.0,
0.0,
0.003387451171875,
0.999969482421875,
0.0,
0.0,
0.0,
0.0,
1.0,
0.0,
286.15,
1079.55,
0.0,
1.0
]
}
}
]
},
{
"I": 34,
"DU": 1,
"E": [
{
"SI": {
"SN": "Symbol 21",
"IN": "",
"ST": "MC",
"TRP": {
"x": -138.0,
"y": -396.1
},
"M3D": [
1.0,
0.0,
0.0,
0.0,
0.0,
1.0,
0.0,
0.0,
0.0,
0.0,
1.0,
0.0,
1121.35,
1017.1,
0.0,
1.0
]
}
},
{
"SI": {
"SN": "Symbol 19",
"IN": "",
"ST": "MC",
"TRP": {
"x": 0.0,
"y": -0.05
},
"M3D": [
1.0,
0.0,
0.0,
0.0,
0.0,
1.0,
0.0,
0.0,
0.0,
0.0,
1.0,
0.0,
771.5,
1305.8,
0.0,
1.0
]
}
},
{
"SI": {
"SN": "Symbol 18",
"IN": "",
"ST": "G",
"FF": 3,
"LP": "SF",
"TRP": {
"x": 184.15,
"y": 424.5
},
"M3D": [
1.0,
0.0,
0.0,
0.0,
0.0,
1.0,
0.0,
0.0,
0.0,
0.0,
1.0,
0.0,
524.6,
30.0,
0.0,
1.0
]
}
},
{
"SI": {
"SN": "Symbol 20",
"IN": "",
"ST": "MC",
"TRP": {
"x": 77.10000000000001,
"y": -459.15000000000006
},
"M3D": [
1.0,
0.0,
0.0,
0.0,
0.0,
1.0,
0.0,
0.0,
0.0,
0.0,
1.0,
0.0,
284.6,
1080.4,
0.0,
1.0
]
}
}
]
},
{
"I": 35,
"DU": 1,
"E": [
{
"SI": {
"SN": "Symbol 21",
"IN": "",
"ST": "MC",
"TRP": {
"x": -138.0,
"y": -396.1
},
"M3D": [
1.0,
0.0,
0.0,
0.0,
0.0,
1.0,
0.0,
0.0,
0.0,
0.0,
1.0,
0.0,
1121.35,
1017.1,
0.0,
1.0
]
}
},
{
"SI": {
"SN": "Symbol 19",
"IN": "",
"ST": "MC",
"TRP": {
"x": 0.0,
"y": -0.05
},
"M3D": [
1.0,
0.0,
0.0,
0.0,
0.0,
1.0,
0.0,
0.0,
0.0,
0.0,
1.0,
0.0,
771.5,
1305.8,
0.0,
1.0
]
}
},
{
"SI": {
"SN": "Symbol 18",
"IN": "",
"ST": "G",
"FF": 3,
"LP": "SF",
"TRP": {
"x": 184.15,
"y": 424.5
},
"M3D": [
1.0,
0.0,
0.0,
0.0,
0.0,
1.0,
0.0,
0.0,
0.0,
0.0,
1.0,
0.0,
524.6,
30.0,
0.0,
1.0
]
}
},
{
"SI": {
"SN": "Symbol 20",
"IN": "",
"ST": "MC",
"TRP": {
"x": 77.1,
"y": -459.15
},
"M3D": [
1.0,
0.0,
0.0,
0.0,
0.0,
1.0,
0.0,
0.0,
0.0,
0.0,
1.0,
0.0,
284.6,
1080.4,
0.0,
1.0
]
}
}
]
},
{
"I": 36,
"DU": 1,
"E": [
{
"SI": {
"SN": "Symbol 21",
"IN": "",
"ST": "MC",
"TRP": {
"x": -138.0,
"y": -396.1
},
"M3D": [
1.0,
0.0,
0.0,
0.0,
0.0,
1.0,
0.0,
0.0,
0.0,
0.0,
1.0,
0.0,
1121.35,
1017.1,
0.0,
1.0
]
}
},
{
"SI": {
"SN": "Symbol 19",
"IN": "",
"ST": "MC",
"TRP": {
"x": 0.0,
"y": -0.05
},
"M3D": [
1.0,
0.0,
0.0,
0.0,
0.0,
1.0,
0.0,
0.0,
0.0,
0.0,
1.0,
0.0,
771.5,
1305.8,
0.0,
1.0
]
}
},
{
"SI": {
"SN": "Symbol 18",
"IN": "",
"ST": "G",
"FF": 3,
"LP": "SF",
"TRP": {
"x": 184.15,
"y": 424.5
},
"M3D": [
1.0,
0.0,
0.0,
0.0,
0.0,
1.0,
0.0,
0.0,
0.0,
0.0,
1.0,
0.0,
524.6,
30.0,
0.0,
1.0
]
}
},
{
"SI": {
"SN": "Symbol 20",
"IN": "",
"ST": "MC",
"TRP": {
"x": 77.1,
"y": -459.15
},
"M3D": [
1.0,
0.0,
0.0,
0.0,
0.0,
1.0,
0.0,
0.0,
0.0,
0.0,
1.0,
0.0,
284.6,
1080.4,
0.0,
1.0
]
}
}
]
},
{
"I": 37,
"DU": 1,
"E": [
{
"SI": {
"SN": "Symbol 21",
"IN": "",
"ST": "MC",
"TRP": {
"x": -138.0,
"y": -396.1
},
"M3D": [
1.0,
0.0,
0.0,
0.0,
0.0,
1.0,
0.0,
0.0,
0.0,
0.0,
1.0,
0.0,
1121.35,
1017.1,
0.0,
1.0
]
}
},
{
"SI": {
"SN": "Symbol 19",
"IN": "",
"ST": "MC",
"TRP": {
"x": 0.0,
"y": -0.05
},
"M3D": [
1.0,
0.0,
0.0,
0.0,
0.0,
1.0,
0.0,
0.0,
0.0,
0.0,
1.0,
0.0,
771.5,
1305.8,
0.0,
1.0
]
}
},
{
"SI": {
"SN": "Symbol 18",
"IN": "",
"ST": "G",
"FF": 3,
"LP": "SF",
"TRP": {
"x": 184.15,
"y": 424.5
},
"M3D": [
1.0,
0.0,
0.0,
0.0,
0.0,
1.0,
0.0,
0.0,
0.0,
0.0,
1.0,
0.0,
524.6,
30.0,
0.0,
1.0
]
}
},
{
"SI": {
"SN": "Symbol 20",
"IN": "",
"ST": "MC",
"TRP": {
"x": 77.1,
"y": -459.15
},
"M3D": [
1.0,
0.0,
0.0,
0.0,
0.0,
1.0,
0.0,
0.0,
0.0,
0.0,
1.0,
0.0,
284.6,
1080.4,
0.0,
1.0
]
}
}
]
},
{
"I": 38,
"DU": 1,
"E": [
{
"SI": {
"SN": "Symbol 21",
"IN": "",
"ST": "MC",
"TRP": {
"x": -138.0,
"y": -396.1
},
"M3D": [
1.0,
0.0,
0.0,
0.0,
0.0,
1.0,
0.0,
0.0,
0.0,
0.0,
1.0,
0.0,
1121.35,
1017.1,
0.0,
1.0
]
}
},
{
"SI": {
"SN": "Symbol 19",
"IN": "",
"ST": "MC",
"TRP": {
"x": 0.0,
"y": -0.05
},
"M3D": [
1.0,
0.0,
0.0,
0.0,
0.0,
1.0,
0.0,
0.0,
0.0,
0.0,
1.0,
0.0,
771.5,
1305.8,
0.0,
1.0
]
}
},
{
"SI": {
"SN": "Symbol 18",
"IN": "",
"ST": "G",
"FF": 3,
"LP": "SF",
"TRP": {
"x": 184.15,
"y": 424.5
},
"M3D": [
1.0,
0.0,
0.0,
0.0,
0.0,
1.0,
0.0,
0.0,
0.0,
0.0,
1.0,
0.0,
524.6,
30.0,
0.0,
1.0
]
}
},
{
"SI": {
"SN": "Symbol 20",
"IN": "",
"ST": "MC",
"TRP": {
"x": 77.1,
"y": -459.15
},
"M3D": [
1.0,
0.0,
0.0,
0.0,
0.0,
1.0,
0.0,
0.0,
0.0,
0.0,
1.0,
0.0,
284.6,
1080.4,
0.0,
1.0
]
}
}
]
},
{
"I": 39,
"DU": 1,
"E": [
{
"SI": {
"SN": "Symbol 21",
"IN": "",
"ST": "MC",
"TRP": {
"x": -138.0,
"y": -396.1
},
"M3D": [
1.0,
0.0,
0.0,
0.0,
0.0,
1.0,
0.0,
0.0,
0.0,
0.0,
1.0,
0.0,
1121.35,
1017.1,
0.0,
1.0
]
}
},
{
"SI": {
"SN": "Symbol 19",
"IN": "",
"ST": "MC",
"TRP": {
"x": 0.0,
"y": -0.05
},
"M3D": [
1.0,
0.0,
0.0,
0.0,
0.0,
1.0,
0.0,
0.0,
0.0,
0.0,
1.0,
0.0,
771.5,
1305.8,
0.0,
1.0
]
}
},
{
"SI": {
"SN": "Symbol 18",
"IN": "",
"ST": "G",
"FF": 3,
"LP": "SF",
"TRP": {
"x": 184.15,
"y": 424.5
},
"M3D": [
1.0,
0.0,
0.0,
0.0,
0.0,
1.0,
0.0,
0.0,
0.0,
0.0,
1.0,
0.0,
524.6,
30.0,
0.0,
1.0
]
}
},
{
"SI": {
"SN": "Symbol 20",
"IN": "",
"ST": "MC",
"TRP": {
"x": 77.1,
"y": -459.15
},
"M3D": [
1.0,
0.0,
0.0,
0.0,
0.0,
1.0,
0.0,
0.0,
0.0,
0.0,
1.0,
0.0,
284.6,
1080.4,
0.0,
1.0
]
}
}
]
}
]
},
{
"LN": "down",
"FR": [
{
"I": 0,
"DU": 40,
"E": []
},
{
"I": 40,
"DU": 1,
"E": [
{
"SI": {
"SN": "Symbol 21",
"IN": "",
"ST": "MC",
"TRP": {
"x": -137.95000000000003,
"y": -396.15000000000006
},
"M3D": [
0.9958648681640625,
-0.0908355712890625,
0.0,
0.0,
0.0908355712890625,
0.9958648681640625,
0.0,
0.0,
0.0,
0.0,
1.0,
0.0,
1198.75,
1034.95,
0.0,
1.0
]
}
},
{
"SI": {
"SN": "Symbol 19",
"IN": "",
"ST": "MC",
"TRP": {
"x": 0.1,
"y": -0.05
},
"M3D": [
1.0,
0.0,
0.0,
0.0,
-0.0523834228515625,
0.97540283203125,
0.0,
0.0,
0.0,
0.0,
1.0,
0.0,
816.2,
1326.9,
0.0,
1.0
]
}
},
{
"SI": {
"SN": "Symbol 18",
"IN": "",
"ST": "G",
"FF": 4,
"LP": "SF",
"TRP": {
"x": 184.15,
"y": 424.40000000000006
},
"M3D": [
0.986175537109375,
0.165618896484375,
0.0,
0.0,
-0.165618896484375,
0.986175537109375,
0.0,
0.0,
0.0,
0.0,
1.0,
0.0,
779.5,
97.35,
0.0,
1.0
]
}
},
{
"SI": {
"SN": "Symbol 20",
"IN": "",
"ST": "MC",
"TRP": {
"x": 77.05,
"y": -459.25
},
"M3D": [
0.991058349609375,
0.13330078125,
0.0,
0.0,
-0.13330078125,
0.991058349609375,
0.0,
0.0,
0.0,
0.0,
1.0,
0.0,
320.05,
1094.0,
0.0,
1.0
]
}
}
]
},
{
"I": 41,
"DU": 1,
"E": [
{
"SI": {
"SN": "Symbol 21",
"IN": "",
"ST": "MC",
"TRP": {
"x": -137.95,
"y": -396.15
},
"M3D": [
0.9958648681640625,
-0.0908355712890625,
0.0,
0.0,
0.0908355712890625,
0.9958648681640625,
0.0,
0.0,
0.0,
0.0,
1.0,
0.0,
1198.75,
1034.95,
0.0,
1.0
]
}
},
{
"SI": {
"SN": "Symbol 19",
"IN": "",
"ST": "MC",
"TRP": {
"x": 0.1,
"y": -0.05
},
"M3D": [
1.0,
0.0,
0.0,
0.0,
-0.0523834228515625,
0.97540283203125,
0.0,
0.0,
0.0,
0.0,
1.0,
0.0,
816.2,
1326.9,
0.0,
1.0
]
}
},
{
"SI": {
"SN": "Symbol 18",
"IN": "",
"ST": "G",
"FF": 4,
"LP": "SF",
"TRP": {
"x": 184.15,
"y": 424.4
},
"M3D": [
0.986175537109375,
0.165618896484375,
0.0,
0.0,
-0.165618896484375,
0.986175537109375,
0.0,
0.0,
0.0,
0.0,
1.0,
0.0,
779.5,
97.35,
0.0,
1.0
]
}
},
{
"SI": {
"SN": "Symbol 20",
"IN": "",
"ST": "MC",
"TRP": {
"x": 77.05,
"y": -459.25
},
"M3D": [
0.991058349609375,
0.13330078125,
0.0,
0.0,
-0.13330078125,
0.991058349609375,
0.0,
0.0,
0.0,
0.0,
1.0,
0.0,
320.05,
1094.0,
0.0,
1.0
]
}
}
]
},
{
"I": 42,
"DU": 1,
"E": [
{
"SI": {
"SN": "Symbol 21",
"IN": "",
"ST": "MC",
"TRP": {
"x": -137.9,
"y": -396.20000000000007
},
"M3D": [
0.995849609375,
-0.0908203125,
0.0,
0.0,
0.0908203125,
0.995849609375,
0.0,
0.0,
0.0,
0.0,
1.0,
0.0,
1223.0,
1057.45,
0.0,
1.0
]
}
},
{
"SI": {
"SN": "Symbol 19",
"IN": "",
"ST": "MC",
"TRP": {
"x": 0.1,
"y": -0.1
},
"M3D": [
0.9999847412109375,
0.0,
0.0,
0.0,
-0.0411529541015625,
0.987548828125,
0.0,
0.0,
0.0,
0.0,
1.0,
0.0,
806.55,
1316.4,
0.0,
1.0
]
}
},
{
"SI": {
"SN": "Symbol 18",
"IN": "",
"ST": "G",
"FF": 4,
"LP": "SF",
"TRP": {
"x": 184.15,
"y": 424.45
},
"M3D": [
0.942413330078125,
0.334259033203125,
0.0,
0.0,
-0.334259033203125,
0.942413330078125,
0.0,
0.0,
0.0,
0.0,
1.0,
0.0,
838.35,
76.15,
0.0,
1.0
]
}
},
{
"SI": {
"SN": "Symbol 20",
"IN": "",
"ST": "MC",
"TRP": {
"x": 77.10000000000001,
"y": -459.25
},
"M3D": [
0.9933319091796875,
0.1149139404296875,
0.0,
0.0,
-0.1149139404296875,
0.9933319091796875,
0.0,
0.0,
0.0,
0.0,
1.0,
0.0,
305.85,
1122.55,
0.0,
1.0
]
}
}
]
},
{
"I": 43,
"DU": 1,
"E": [
{
"SI": {
"SN": "Symbol 21",
"IN": "",
"ST": "MC",
"TRP": {
"x": -137.9,
"y": -396.2
},
"M3D": [
0.995849609375,
-0.0908203125,
0.0,
0.0,
0.0908203125,
0.995849609375,
0.0,
0.0,
0.0,
0.0,
1.0,
0.0,
1223.0,
1057.45,
0.0,
1.0
]
}
},
{
"SI": {
"SN": "Symbol 19",
"IN": "",
"ST": "MC",
"TRP": {
"x": 0.1,
"y": -0.1
},
"M3D": [
0.9999847412109375,
0.0,
0.0,
0.0,
-0.0411529541015625,
0.987548828125,
0.0,
0.0,
0.0,
0.0,
1.0,
0.0,
806.55,
1316.4,
0.0,
1.0
]
}
},
{
"SI": {
"SN": "Symbol 18",
"IN": "",
"ST": "G",
"FF": 4,
"LP": "SF",
"TRP": {
"x": 184.15,
"y": 424.45
},
"M3D": [
0.942413330078125,
0.334259033203125,
0.0,
0.0,
-0.334259033203125,
0.942413330078125,
0.0,
0.0,
0.0,
0.0,
1.0,
0.0,
838.35,
76.15,
0.0,
1.0
]
}
},
{
"SI": {
"SN": "Symbol 20",
"IN": "",
"ST": "MC",
"TRP": {
"x": 77.1,
"y": -459.25
},
"M3D": [
0.9933319091796875,
0.1149139404296875,
0.0,
0.0,
-0.1149139404296875,
0.9933319091796875,
0.0,
0.0,
0.0,
0.0,
1.0,
0.0,
305.85,
1122.55,
0.0,
1.0
]
}
}
]
},
{
"I": 44,
"DU": 1,
"E": [
{
"SI": {
"SN": "Symbol 21",
"IN": "",
"ST": "MC",
"TRP": {
"x": -137.95000000000003,
"y": -396.15000000000006
},
"M3D": [
0.9958648681640625,
-0.0908355712890625,
0.0,
0.0,
0.0908355712890625,
0.9958648681640625,
0.0,
0.0,
0.0,
0.0,
1.0,
0.0,
1226.75,
1060.95,
0.0,
1.0
]
}
},
{
"SI": {
"SN": "Symbol 19",
"IN": "",
"ST": "MC",
"TRP": {
"x": 0.05,
"y": -0.05
},
"M3D": [
1.0,
0.0,
0.0,
0.0,
-0.0393829345703125,
0.9894561767578125,
0.0,
0.0,
0.0,
0.0,
1.0,
0.0,
805.1,
1314.85,
0.0,
1.0
]
}
},
{
"SI": {
"SN": "Symbol 18",
"IN": "",
"ST": "G",
"FF": 4,
"LP": "SF",
"TRP": {
"x": 184.15,
"y": 424.3
},
"M3D": [
0.930755615234375,
0.3655548095703125,
0.0,
0.0,
-0.3655548095703125,
0.930755615234375,
0.0,
0.0,
0.0,
0.0,
1.0,
0.0,
850.6,
78.05,
0.0,
1.0
]
}
},
{
"SI": {
"SN": "Symbol 20",
"IN": "",
"ST": "MC",
"TRP": {
"x": 77.10000000000001,
"y": -459.20000000000007
},
"M3D": [
0.9936981201171875,
0.1120758056640625,
0.0,
0.0,
-0.1120758056640625,
0.9936981201171875,
0.0,
0.0,
0.0,
0.0,
1.0,
0.0,
303.6,
1126.9,
0.0,
1.0
]
}
}
]
},
{
"I": 45,
"DU": 1,
"E": [
{
"SI": {
"SN": "Symbol 21",
"IN": "",
"ST": "MC",
"TRP": {
"x": -137.95,
"y": -396.15
},
"M3D": [
0.9958648681640625,
-0.0908355712890625,
0.0,
0.0,
0.0908355712890625,
0.9958648681640625,
0.0,
0.0,
0.0,
0.0,
1.0,
0.0,
1226.75,
1060.95,
0.0,
1.0
]
}
},
{
"SI": {
"SN": "Symbol 19",
"IN": "",
"ST": "MC",
"TRP": {
"x": 0.05,
"y": -0.05
},
"M3D": [
1.0,
0.0,
0.0,
0.0,
-0.0393829345703125,
0.9894561767578125,
0.0,
0.0,
0.0,
0.0,
1.0,
0.0,
805.1,
1314.85,
0.0,
1.0
]
}
},
{
"SI": {
"SN": "Symbol 18",
"IN": "",
"ST": "G",
"FF": 4,
"LP": "SF",
"TRP": {
"x": 184.15,
"y": 424.3
},
"M3D": [
0.930755615234375,
0.3655548095703125,
0.0,
0.0,
-0.3655548095703125,
0.930755615234375,
0.0,
0.0,
0.0,
0.0,
1.0,
0.0,
850.6,
78.05,
0.0,
1.0
]
}
},
{
"SI": {
"SN": "Symbol 20",
"IN": "",
"ST": "MC",
"TRP": {
"x": 77.1,
"y": -459.2
},
"M3D": [
0.9936981201171875,
0.1120758056640625,
0.0,
0.0,
-0.1120758056640625,
0.9936981201171875,
0.0,
0.0,
0.0,
0.0,
1.0,
0.0,
303.6,
1126.9,
0.0,
1.0
]
}
}
]
},
{
"I": 46,
"DU": 1,
"E": [
{
"SI": {
"SN": "Symbol 21",
"IN": "",
"ST": "MC",
"TRP": {
"x": -137.95,
"y": -396.15
},
"M3D": [
0.9958648681640625,
-0.0908355712890625,
0.0,
0.0,
0.0908355712890625,
0.9958648681640625,
0.0,
0.0,
0.0,
0.0,
1.0,
0.0,
1226.75,
1060.95,
0.0,
1.0
]
}
},
{
"SI": {
"SN": "Symbol 19",
"IN": "",
"ST": "MC",
"TRP": {
"x": 0.05,
"y": -0.05
},
"M3D": [
1.0,
0.0,
0.0,
0.0,
-0.0393829345703125,
0.9894561767578125,
0.0,
0.0,
0.0,
0.0,
1.0,
0.0,
805.1,
1314.85,
0.0,
1.0
]
}
},
{
"SI": {
"SN": "Symbol 18",
"IN": "",
"ST": "G",
"FF": 4,
"LP": "SF",
"TRP": {
"x": 184.15,
"y": 424.3
},
"M3D": [
0.930755615234375,
0.3655548095703125,
0.0,
0.0,
-0.3655548095703125,
0.930755615234375,
0.0,
0.0,
0.0,
0.0,
1.0,
0.0,
850.6,
78.05,
0.0,
1.0
]
}
},
{
"SI": {
"SN": "Symbol 20",
"IN": "",
"ST": "MC",
"TRP": {
"x": 77.1,
"y": -459.2
},
"M3D": [
0.9936981201171875,
0.1120758056640625,
0.0,
0.0,
-0.1120758056640625,
0.9936981201171875,
0.0,
0.0,
0.0,
0.0,
1.0,
0.0,
303.6,
1126.9,
0.0,
1.0
]
}
}
]
},
{
"I": 47,
"DU": 1,
"E": [
{
"SI": {
"SN": "Symbol 21",
"IN": "",
"ST": "MC",
"TRP": {
"x": -137.95,
"y": -396.15
},
"M3D": [
0.9958648681640625,
-0.0908355712890625,
0.0,
0.0,
0.0908355712890625,
0.9958648681640625,
0.0,
0.0,
0.0,
0.0,
1.0,
0.0,
1226.75,
1060.95,
0.0,
1.0
]
}
},
{
"SI": {
"SN": "Symbol 19",
"IN": "",
"ST": "MC",
"TRP": {
"x": 0.05,
"y": -0.05
},
"M3D": [
1.0,
0.0,
0.0,
0.0,
-0.0393829345703125,
0.9894561767578125,
0.0,
0.0,
0.0,
0.0,
1.0,
0.0,
805.1,
1314.85,
0.0,
1.0
]
}
},
{
"SI": {
"SN": "Symbol 18",
"IN": "",
"ST": "G",
"FF": 4,
"LP": "SF",
"TRP": {
"x": 184.15,
"y": 424.3
},
"M3D": [
0.930755615234375,
0.3655548095703125,
0.0,
0.0,
-0.3655548095703125,
0.930755615234375,
0.0,
0.0,
0.0,
0.0,
1.0,
0.0,
850.6,
78.05,
0.0,
1.0
]
}
},
{
"SI": {
"SN": "Symbol 20",
"IN": "",
"ST": "MC",
"TRP": {
"x": 77.1,
"y": -459.2
},
"M3D": [
0.9936981201171875,
0.1120758056640625,
0.0,
0.0,
-0.1120758056640625,
0.9936981201171875,
0.0,
0.0,
0.0,
0.0,
1.0,
0.0,
303.6,
1126.9,
0.0,
1.0
]
}
}
]
},
{
"I": 48,
"DU": 1,
"E": [
{
"SI": {
"SN": "Symbol 21",
"IN": "",
"ST": "MC",
"TRP": {
"x": -137.95,
"y": -396.15
},
"M3D": [
0.9958648681640625,
-0.0908355712890625,
0.0,
0.0,
0.0908355712890625,
0.9958648681640625,
0.0,
0.0,
0.0,
0.0,
1.0,
0.0,
1226.75,
1060.95,
0.0,
1.0
]
}
},
{
"SI": {
"SN": "Symbol 19",
"IN": "",
"ST": "MC",
"TRP": {
"x": 0.05,
"y": -0.05
},
